2 3 6 128
1 3 4 6
1 2 4 5 6 7
2 3 5
3 4 7 10 11
1 2 3 7 8
3 5 6 8 10
6 7 9
8
5 7 11 21
5 10 21 15 16 12
11 13 16
12 14 16
13
11 16 17 21 22 26 20
11 12 13 15 17 18
15 16 18 19 20
16 17 19 23
17 18 20 23 24 25
15 17 19 25 26
10 11 15 22
15 21 26 27
18 19 24 32 33 42
19 23 25 30 34 42
19 20 24 26 30
15 20 22 25 27 30 31
22 26 28 31
27 29
28
24 25 26 31 35
26 27 30 35 36
23 33 43
23 32 42 43 44 45
24 42
30 31 36 37 38
31 35 38
35 38 47 129
35 36 37 39 41
38 40 41
39 41 123
38 39 40
23 24 33 34 45 46 47
32 33 44 52 53
33 43 45 51 52
33 42 44 46 49 50 51
42 45 47 48 49
37 42 46 48 129 130
46 47 49 130 131 133
45 46 48 50 133 134
45 49 56 134
44 45
43 44 53
43 52 54
53 55 60
54 60 61 62
50 57 84 134 135
56 58 82 83 84
57 59 82
58 60 80 81 82
54 55 59 61 80
55 60 62 63 79 80
55 61 63
61 62 64 65 79
63 65 66
63 64 66 67 79
64 65 67 68
65 66 68 69 70 90 79
66 67 69 72
67 68 70 71 72
67 69 71 77 90
69 70 72 77
68 69 71 73 77
72 74 75 76 77
73 75 100 105
73 74 76 97 98 100
73 75 77 78 88 89 91 93 94 97
70 71 72 73 76 78 90
76 77 89 90
61 63 65 67 80 88 89 90
59 60 61 79 81 87 88
59 80 82 83 86 87
57 58 59 81 83
57 81 82 84 85 86
56 57 83 85 135
83 84 86 135 136 137
81 83 85 87 92 137 138 139
80 81 86 88 91 92
76 79 80 87 89 91
76 78 79 88 90
67 70 77 78 79 89
76 87 88 92 93
86 87 91 93 139
76 91 92 94 95 139
76 93 95 96 97
93 94 96
94 95 97 98
75 76 94 96 98
75 96 97 99 100
98 100 101
74 75 98 99 104 105
99 102 103 104
101 103 111
101 102 104 110 111
100 101 103 105 109 110
74 100 104 106 107 108 109
105 107
105 106 108
105 107 109
104 105 108 110 112
103 104 109 111 112
102 103 110 112 113
109 110 111 113 114
111 112 114 115
112 113 115 116 117
113 114 116
114 115 117 118
114 116 118 119 120
116 117 119 122
117 118 120 121 122
117 119 121
119 120 122 124 125
118 119 121 123 124
40 122 124
121 122 123 125
121 124 126
125 127
126 128
1 127
37 47 130 132
47 48 129 131 132
48 130 132 133 145
129 130 131 145 146 149
48 49 131 134 145
49 50 56 133
56 84 85
85 137 140
85 86 136 138 140
86 137 139
86 92 93 138
136 137 141
140 142 143
141 143 147 148
141 142 144 146 147
143 145 146
131 132 133 144 146
132 143 144 145 147 149
142 143 146 148 149
142 147 149
132 146 147 148
