1 2 4 8 14 17 22 30 40 51 62 71 81 91 106 122 134 144 149 149
1 2 4 8 13 16 23 30 37 46 56 67 77 86 99 111 127 140 146 149
1 2 4 8 14 19 26 34 43 52 64 73 82 94 106 122 134 144 149 149
1 2 4 8 15 23 29 38 45 54 69 78 90 103 113 127 141 149 149 149
1 2 4 8 12 16 21 28 36 45 54 64 77 85 98 115 127 137 149 149
1 2 4 8 14 19 25 31 40 49 61 71 79 88 100 114 127 138 148 149
1 2 4 8 14 20 27 36 42 49 61 71 80 90 100 112 123 132 143 149
1 2 3 6 11 16 23 32 41 48 60 72 82 92 105 117 128 142 149 149
1 2 4 7 12 15 20 26 33 43 53 64 77 85 99 115 127 137 148 149
1 2 4 8 16 29 37 44 55 65 75 86 97 107 115 124 137 147 149 149
1 2 4 8 16 31 39 47 57 66 76 87 98 107 115 127 138 148 149 149
1 2 4 6 11 20 30 42 54 65 76 92 104 116 125 133 138 143 147 149
1 2 4 6 10 17 28 37 49 60 69 80 95 108 118 129 138 145 149 149
1 2 4 6 11 20 30 43 56 63 73 84 96 107 117 125 133 139 146 149
1 2 4 8 16 26 35 45 58 68 80 97 111 120 131 139 146 148 149 149
1 2 4 8 14 24 36 50 62 70 82 96 108 120 128 136 143 147 149 149
1 2 4 8 16 30 42 52 65 78 89 102 114 126 133 138 145 149 149 149
1 2 4 8 15 28 39 55 69 85 97 109 121 130 135 140 147 149 149 149
1 2 4 8 16 30 45 60 76 92 108 120 128 134 139 144 148 149 149 149
1 2 4 8 16 28 37 47 58 68 79 95 108 118 127 135 141 147 149 149
1 2 4 8 16 28 37 44 54 64 73 84 97 108 117 128 139 146 149 149
1 2 4 8 16 25 36 47 57 66 76 91 104 116 127 136 145 149 149 149
1 2 4 8 16 29 45 67 88 105 118 126 134 141 148 149 149 149 149 149
1 2 4 8 16 30 42 55 67 80 95 107 118 127 136 142 147 149 149 149
1 2 4 8 16 29 44 56 66 82 99 110 120 130 139 147 149 149 149 149
1 2 4 8 16 28 41 53 64 73 84 98 108 119 131 139 146 149 149 149
1 2 4 8 16 30 47 60 67 78 91 104 113 123 134 144 149 149 149 149
1 2 3 5 8 14 24 34 46 59 68 79 87 100 111 119 130 143 149 149
1 2 3 5 9 15 24 31 44 57 66 77 90 104 113 124 135 143 148 149
1 2 4 8 15 28 45 59 74 91 107 115 126 137 148 149 149 149 149 149
1 2 4 8 16 29 42 58 73 85 96 108 118 130 141 149 149 149 149 149
1 2 4 7 13 23 36 55 70 89 106 118 128 135 140 146 149 149 149 149
1 2 4 8 16 28 42 57 74 90 103 116 129 135 141 147 149 149 149 149
1 2 4 8 15 27 46 60 72 87 98 108 122 134 139 144 149 149 149 149
1 2 4 8 15 25 39 59 73 86 98 110 121 131 142 148 149 149 149 149
1 2 4 8 15 29 45 59 71 83 93 103 113 122 135 147 149 149 149 149
1 2 4 8 16 29 47 65 76 91 105 117 128 141 149 149 149 149 149 149
1 2 4 8 14 25 43 64 79 93 110 123 133 142 149 149 149 149 149 149
1 2 4 8 14 24 40 58 75 85 95 106 120 131 142 148 149 149 149 149
1 2 4 7 11 19 31 47 64 81 92 102 113 124 134 143 149 149 149 149
1 2 4 8 13 21 37 54 72 85 101 113 124 133 142 149 149 149 149 149
1 2 4 8 15 29 45 62 76 88 98 110 126 134 139 144 149 149 149 149
1 2 4 8 15 25 39 55 71 92 105 115 126 133 139 144 149 149 149 149
1 2 4 8 15 28 42 59 75 88 98 113 128 136 141 145 149 149 149 149
1 2 4 8 16 28 46 61 76 91 104 117 127 136 144 149 149 149 149 149
1 2 4 8 16 31 47 65 82 97 110 124 134 141 147 149 149 149 149 149
1 2 4 8 16 31 48 60 73 88 104 114 122 134 145 149 149 149 149 149
1 2 4 8 16 26 40 57 71 84 99 114 129 137 142 146 149 149 149 149
1 2 4 8 16 29 42 58 71 87 99 115 129 136 141 147 149 149 149 149
1 2 4 8 16 32 47 59 75 91 106 118 128 143 149 149 149 149 149 149
1 2 4 8 16 28 43 60 80 94 105 115 125 133 139 145 148 149 149 149
1 2 4 8 13 20 31 50 72 95 108 115 125 137 146 149 149 149 149 149
1 2 4 8 16 28 47 69 88 103 116 126 134 138 144 149 149 149 149 149
1 2 4 8 16 29 46 68 84 97 114 125 134 141 148 149 149 149 149 149
1 2 4 8 16 29 43 55 65 76 90 105 118 131 138 145 148 149 149 149
1 2 4 8 16 27 42 62 81 96 105 114 123 135 144 148 149 149 149 149
1 2 4 8 16 27 39 55 74 85 94 106 117 126 134 140 145 149 149 149
1 2 4 8 15 24 38 55 71 84 92 103 115 124 132 141 146 149 149 149
1 2 4 8 16 32 51 62 75 90 97 103 112 122 132 138 142 147 149 149
1 2 4 8 16 31 50 66 78 94 107 118 131 141 146 149 149 149 149 149
1 2 4 8 16 28 43 59 70 82 97 112 123 132 139 145 147 149 149 149
1 2 4 8 15 24 41 56 69 81 97 115 124 131 139 146 148 149 149 149
1 2 4 8 14 23 34 48 60 70 81 96 108 117 128 137 145 148 149 149
1 2 4 8 16 25 35 47 60 72 82 92 107 121 132 138 144 148 149 149
1 2 4 8 16 24 33 45 58 71 81 90 104 118 129 139 145 149 149 149
1 2 4 8 15 22 31 43 53 66 78 87 99 111 121 132 138 142 146 148
1 2 4 8 16 26 35 48 58 71 81 90 105 118 128 136 141 147 149 149
1 2 4 8 16 26 37 49 60 71 80 89 102 114 123 133 139 144 148 149
1 2 4 8 14 24 36 48 61 70 79 89 103 117 129 137 144 148 149 149
1 2 4 8 16 27 40 52 66 75 86 97 106 115 124 133 139 144 148 149
1 2 4 8 16 26 41 54 64 74 81 90 101 114 124 132 140 145 149 149
1 2 4 8 16 27 40 53 62 70 78 87 100 111 120 127 135 141 146 148
1 2 4 8 16 31 44 52 62 72 79 87 99 113 124 132 140 145 148 149
1 2 4 8 16 30 43 56 71 79 87 98 111 121 129 137 146 149 149 149
1 2 4 8 16 32 46 58 66 73 81 90 103 115 124 131 139 146 149 149
1 2 4 8 16 29 41 50 60 72 79 87 100 114 121 128 135 143 149 149
1 2 4 8 16 26 39 47 59 68 74 83 94 109 119 130 138 144 148 149
1 2 4 8 16 29 43 57 66 73 81 95 106 115 124 132 138 143 148 149
1 2 4 8 16 28 40 54 65 75 90 106 120 128 136 142 146 149 149 149
1 2 4 8 16 32 46 59 73 84 94 105 115 124 133 141 145 147 149 149
1 2 4 8 16 30 48 64 79 92 102 112 123 131 140 147 149 149 149 149
1 2 4 8 16 26 37 56 75 87 96 111 120 128 137 145 148 149 149 149
1 2 4 8 16 27 41 62 83 93 103 112 122 130 138 146 148 149 149 149
1 2 4 8 16 25 38 55 76 89 99 109 120 128 135 143 147 149 149 149
1 2 4 8 16 27 40 57 76 89 98 111 119 126 134 140 145 148 149 149
1 2 4 8 16 29 41 57 72 83 96 101 109 119 130 137 142 147 149 149
1 2 4 8 16 32 51 65 79 95 110 119 129 136 142 147 149 149 149 149
1 2 4 8 16 30 47 58 69 79 95 110 122 131 140 146 148 149 149 149
1 2 4 8 16 28 43 55 65 72 80 94 105 113 122 130 137 141 146 148
1 2 4 8 16 28 42 54 65 73 82 95 107 115 124 134 140 145 148 149
1 2 4 8 15 30 47 58 68 78 90 101 110 121 131 138 142 147 148 149
1 2 4 8 16 29 45 63 75 85 97 105 115 124 133 138 141 146 149 149
1 2 4 8 14 26 42 61 70 77 90 105 111 121 129 136 141 146 148 149
1 2 4 8 16 31 51 64 77 90 100 108 117 126 135 140 143 148 149 149
1 2 4 8 16 27 44 60 71 80 93 105 113 122 129 134 141 148 149 149
1 2 4 8 16 30 45 60 70 79 91 102 109 115 124 132 138 144 148 149
1 2 4 8 16 30 45 57 70 77 84 95 109 117 125 131 139 146 149 149
1 2 4 8 16 29 46 55 64 74 81 89 101 114 121 129 137 146 149 149
1 2 4 8 16 25 33 45 58 69 79 85 92 103 120 131 141 147 149 149
1 2 4 8 16 29 46 58 70 77 84 95 108 116 121 129 137 145 148 149
1 2 4 8 16 23 29 38 48 63 74 84 90 100 115 134 143 147 148 149
1 2 4 8 15 23 29 39 48 58 68 76 86 96 109 130 144 148 149 149
1 2 4 8 15 21 26 34 44 56 68 78 86 97 111 128 142 147 148 149
1 2 4 8 16 26 35 46 57 69 81 87 95 109 127 140 146 148 149 149
1 2 4 8 15 22 31 43 55 62 72 82 87 95 107 126 139 145 148 149
1 2 4 7 13 23 32 43 56 67 78 85 92 103 119 132 142 147 148 149
1 2 4 7 12 21 31 43 55 64 74 83 89 98 112 129 143 148 149 149
1 2 4 8 16 25 33 41 53 64 76 87 97 111 130 142 147 148 149 149
1 2 4 8 15 21 26 33 42 52 64 76 90 100 119 138 148 149 149 149
1 2 4 8 15 24 31 41 54 64 73 85 92 104 122 141 146 148 149 149
1 2 4 8 16 23 29 37 45 59 71 80 89 99 114 134 146 148 149 149
1 2 4 8 15 23 30 37 43 50 62 79 98 123 141 147 149 149 149 149
1 2 4 8 14 21 29 36 42 50 62 77 98 120 142 149 149 149 149 149
1 2 4 8 16 25 32 37 44 54 69 90 116 139 148 149 149 149 149 149
1 2 4 8 14 22 30 36 42 49 61 80 103 126 146 149 149 149 149 149
1 2 4 8 14 18 25 32 41 52 66 88 112 137 148 149 149 149 149 149
1 2 4 8 14 19 26 32 40 50 63 79 102 124 136 146 149 149 149 149
1 2 4 8 14 21 27 35 47 59 78 102 124 142 149 149 149 149 149 149
1 2 4 8 16 21 27 34 43 54 70 86 103 121 133 145 149 149 149 149
1 2 4 8 14 20 26 32 40 48 61 77 98 120 140 149 149 149 149 149
1 2 4 8 14 19 24 31 43 53 71 88 102 114 127 142 149 149 149 149
1 2 4 8 14 19 27 35 51 74 94 107 119 129 144 149 149 149 149 149
1 2 4 8 14 19 25 34 47 61 79 98 115 129 144 149 149 149 149 149
1 2 4 8 14 18 23 29 38 54 74 92 106 115 127 144 149 149 149 149
1 2 4 8 13 19 26 33 41 53 68 80 95 110 122 134 146 148 149 149
1 2 4 8 15 21 29 35 41 53 67 78 90 105 118 132 145 148 149 149
1 2 4 8 14 22 29 37 47 58 67 80 95 105 115 126 145 149 149 149
1 2 4 7 12 18 25 33 43 54 66 75 90 103 114 126 144 149 149 149
1 2 4 8 16 25 35 50 64 75 88 100 116 129 137 142 148 149 149 149
1 2 4 8 16 29 46 65 81 97 112 125 134 141 148 149 149 149 149 149
1 2 4 8 15 27 41 57 71 88 105 119 132 140 146 149 149 149 149 149
1 2 4 8 14 21 31 43 63 77 92 109 127 139 144 149 149 149 149 149
1 2 4 8 16 27 38 51 66 76 89 102 118 131 138 144 148 149 149 149
1 2 4 8 15 27 42 56 70 84 97 110 128 137 144 149 149 149 149 149
1 2 4 8 16 26 41 58 76 93 105 118 127 133 143 147 149 149 149 149
1 2 4 8 16 28 40 50 63 82 95 106 116 125 132 140 146 149 149 149
1 2 4 8 16 28 41 54 68 85 96 107 118 125 134 141 146 149 149 149
1 2 4 8 16 28 41 59 73 83 95 101 108 118 127 134 139 143 147 149
1 2 4 8 16 29 45 58 79 92 101 109 119 128 134 139 142 147 149 149
1 2 4 8 14 22 33 46 59 75 95 106 114 128 138 144 148 149 149 149
1 2 4 8 13 19 27 40 54 72 87 105 122 132 142 149 149 149 149 149
1 2 4 8 16 24 37 51 64 85 103 112 122 135 143 149 149 149 149 149
1 2 4 8 15 23 34 47 59 77 94 106 114 128 139 146 149 149 149 149
1 2 4 8 12 18 26 36 48 65 85 102 117 131 145 149 149 149 149 149
1 2 4 8 16 26 36 51 65 78 91 106 123 136 142 147 149 149 149 149
1 2 4 8 16 26 35 50 63 75 88 105 119 133 140 146 148 149 149 149
1 2 4 8 14 19 27 38 55 70 84 99 115 130 142 148 149 149 149 149
1 2 4 8 13 20 29 41 55 73 92 108 121 135 143 149 149 149 149 149
1 2 4 8 16 23 34 47 64 82 96 111 127 139 148 149 149 149 149 149
