1 2 4 8 13 17 24 32 43 53 64 74 82 93 105 122 136 147 149 149 149 149 149 149 149
1 2 4 8 13 18 26 35 42 49 62 72 81 91 103 114 125 139 149 149 149 149 149 149 149
1 2 4 8 13 17 23 31 41 51 60 70 80 92 104 120 134 145 149 149 149 149 149 149 149
1 2 4 8 12 15 20 28 38 47 56 67 77 85 98 111 125 137 147 149 149 149 149 149 149
1 2 4 8 16 22 31 40 47 59 70 78 88 101 113 125 139 149 149 149 149 149 149 149 149
1 2 4 8 15 21 29 37 44 52 64 74 83 94 107 121 136 147 149 149 149 149 149 149 149
1 2 4 7 12 17 23 32 40 52 63 75 82 94 109 124 135 145 149 149 149 149 149 149 149
1 2 4 7 12 16 21 29 39 49 58 69 79 89 102 115 128 141 149 149 149 149 149 149 149
1 2 4 8 12 15 21 29 38 46 58 71 78 89 101 115 128 144 149 149 149 149 149 149 149
1 2 4 8 16 25 34 42 50 62 72 83 94 106 117 133 145 149 149 149 149 149 149 149 149
1 2 4 8 16 30 41 50 59 70 81 100 110 119 127 137 144 149 149 149 149 149 149 149 149
1 2 4 7 13 21 34 45 56 66 79 93 106 117 129 139 145 149 149 149 149 149 149 149 149
1 2 3 5 9 16 24 34 48 60 71 80 91 102 111 121 131 137 144 148 149 149 149 149 149
1 2 4 6 10 18 30 43 51 61 72 86 102 118 128 134 139 144 149 149 149 149 149 149 149
1 2 4 8 15 24 34 48 61 68 78 93 105 114 124 135 142 148 149 149 149 149 149 149 149
1 2 4 8 16 27 39 52 64 75 87 102 114 126 135 140 147 149 149 149 149 149 149 149 149
1 2 4 8 16 24 35 46 58 66 75 87 102 112 121 130 140 146 149 149 149 149 149 149 149
1 2 4 8 16 30 46 62 77 91 106 121 132 138 143 149 149 149 149 149 149 149 149 149 149
1 2 4 8 16 27 37 48 57 66 78 92 103 116 126 136 146 149 149 149 149 149 149 149 149
1 2 4 8 16 26 36 47 62 72 85 97 109 117 128 137 146 149 149 149 149 149 149 149 149
1 2 4 8 15 25 34 45 58 67 77 92 105 115 125 136 145 149 149 149 149 149 149 149 149
1 2 4 8 16 29 43 54 63 74 84 94 106 116 129 143 149 149 149 149 149 149 149 149 149
1 2 4 8 15 28 42 60 78 95 114 130 135 141 146 148 149 149 149 149 149 149 149 149 149
1 2 4 8 16 29 45 55 66 79 94 106 115 126 136 142 147 149 149 149 149 149 149 149 149
1 2 4 8 15 26 36 50 61 72 86 99 111 122 137 147 149 149 149 149 149 149 149 149 149
1 2 4 8 15 23 35 50 65 79 89 100 112 124 136 147 149 149 149 149 149 149 149 149 149
1 2 4 8 16 27 38 51 62 71 83 98 108 118 128 140 146 149 149 149 149 149 149 149 149
1 2 3 5 9 17 29 42 55 67 81 94 107 116 129 140 149 149 149 149 149 149 149 149 149
1 2 3 5 9 16 25 34 46 58 72 84 94 107 117 130 143 149 149 149 149 149 149 149 149
1 2 4 8 16 26 36 50 63 74 84 97 108 118 131 142 149 149 149 149 149 149 149 149 149
1 2 4 8 16 27 42 58 70 79 90 99 108 115 125 135 147 149 149 149 149 149 149 149 149
1 2 4 8 15 27 47 68 90 107 117 127 136 145 149 149 149 149 149 149 149 149 149 149 149
1 2 4 8 15 24 39 58 81 104 116 123 130 140 147 149 149 149 149 149 149 149 149 149 149
1 2 4 8 16 29 43 55 67 82 94 110 123 133 138 145 149 149 149 149 149 149 149 149 149
1 2 4 8 16 26 37 53 71 83 89 99 110 119 130 143 149 149 149 149 149 149 149 149 149
1 2 4 8 16 26 42 58 72 84 95 104 115 124 136 144 149 149 149 149 149 149 149 149 149
1 2 4 8 16 30 45 61 75 92 104 116 126 138 147 149 149 149 149 149 149 149 149 149 149
1 2 4 7 11 19 31 47 65 78 91 107 122 133 142 149 149 149 149 149 149 149 149 149 149
1 2 4 8 14 22 33 48 65 84 98 110 119 130 139 146 149 149 149 149 149 149 149 149 149
1 2 4 7 12 19 33 51 69 83 98 110 122 130 139 145 149 149 149 149 149 149 149 149 149
1 2 4 6 11 20 28 41 56 74 91 104 114 128 141 149 149 149 149 149 149 149 149 149 149
1 2 4 8 16 32 50 62 76 93 111 125 133 138 144 148 149 149 149 149 149 149 149 149 149
1 2 4 8 15 25 38 53 75 93 105 116 125 134 142 149 149 149 149 149 149 149 149 149 149
1 2 4 8 13 22 35 53 80 101 115 123 132 143 148 149 149 149 149 149 149 149 149 149 149
1 2 4 8 16 32 50 68 81 92 105 119 129 137 143 148 149 149 149 149 149 149 149 149 149
1 2 4 8 16 30 44 60 73 87 99 115 129 137 142 148 149 149 149 149 149 149 149 149 149
1 2 4 8 16 31 46 59 75 87 97 110 126 134 140 145 148 149 149 149 149 149 149 149 149
1 2 4 8 15 25 41 59 72 84 99 113 128 137 142 146 149 149 149 149 149 149 149 149 149
1 2 4 8 16 30 46 64 79 95 108 121 130 139 144 149 149 149 149 149 149 149 149 149 149
1 2 4 8 16 30 47 67 86 100 115 123 135 147 149 149 149 149 149 149 149 149 149 149 149
1 2 4 8 16 27 40 57 78 96 109 120 132 142 148 149 149 149 149 149 149 149 149 149 149
1 2 4 8 15 25 42 67 91 107 116 124 134 145 149 149 149 149 149 149 149 149 149 149 149
1 2 4 8 16 26 43 67 89 106 117 129 136 140 147 149 149 149 149 149 149 149 149 149 149
1 2 4 8 15 27 43 59 72 86 103 118 126 135 142 147 149 149 149 149 149 149 149 149 149
1 2 4 8 16 29 49 67 83 98 115 125 134 141 146 148 149 149 149 149 149 149 149 149 149
1 2 4 8 16 28 43 65 86 95 104 117 125 132 141 146 149 149 149 149 149 149 149 149 149
1 2 4 8 16 31 51 71 88 104 114 124 133 144 148 149 149 149 149 149 149 149 149 149 149
1 2 4 8 16 29 41 56 72 88 97 111 119 126 134 140 145 148 149 149 149 149 149 149 149
1 2 4 8 16 30 45 60 73 88 97 108 117 126 133 140 145 148 149 149 149 149 149 149 149
1 2 4 8 16 30 46 63 72 86 100 115 126 134 142 146 149 149 149 149 149 149 149 149 149
1 2 4 8 16 29 44 58 68 80 97 108 118 128 137 143 147 149 149 149 149 149 149 149 149
1 2 4 8 15 26 43 59 76 92 108 121 130 136 141 147 149 149 149 149 149 149 149 149 149
1 2 4 8 16 29 43 54 63 73 88 101 110 119 130 138 144 148 149 149 149 149 149 149 149
1 2 4 8 15 23 32 45 56 69 79 88 100 114 125 136 141 145 149 149 149 149 149 149 149
1 2 4 8 16 32 46 56 69 81 92 105 121 131 139 146 149 149 149 149 149 149 149 149 149
1 2 4 8 15 27 37 48 58 67 78 89 103 114 124 133 140 143 148 149 149 149 149 149 149
1 2 4 8 14 24 36 47 57 66 73 81 92 103 113 121 128 135 141 146 149 149 149 149 149
1 2 4 8 16 30 43 53 62 71 78 88 98 112 125 132 139 144 148 149 149 149 149 149 149
1 2 4 8 16 25 37 48 61 71 80 93 106 115 125 134 141 148 149 149 149 149 149 149 149
1 2 4 8 16 32 41 50 63 73 82 92 107 120 131 139 145 149 149 149 149 149 149 149 149
1 2 4 8 15 23 34 47 60 70 77 87 99 111 121 132 139 145 148 149 149 149 149 149 149
1 2 4 8 15 26 38 50 60 70 78 88 101 113 123 135 140 144 148 149 149 149 149 149 149
1 2 4 8 16 29 45 58 68 74 82 92 106 117 125 132 141 145 149 149 149 149 149 149 149
1 2 4 8 16 30 47 59 68 78 84 91 101 115 130 140 145 148 149 149 149 149 149 149 149
1 2 4 8 16 29 44 56 67 76 82 93 106 117 125 132 139 146 149 149 149 149 149 149 149
1 2 4 8 16 26 44 58 68 76 86 98 110 119 127 135 141 146 149 149 149 149 149 149 149
1 2 4 8 16 27 43 56 67 73 81 89 103 115 123 131 139 145 149 149 149 149 149 149 149
1 2 4 8 16 31 45 56 66 74 85 98 107 117 125 134 140 145 148 149 149 149 149 149 149
1 2 4 8 16 31 48 61 71 88 99 107 117 128 136 141 146 149 149 149 149 149 149 149 149
1 2 4 8 16 30 46 56 64 74 90 102 111 122 131 139 145 148 149 149 149 149 149 149 149
1 2 4 8 15 27 41 60 76 90 99 110 122 130 137 146 149 149 149 149 149 149 149 149 149
1 2 4 8 16 24 36 54 76 88 99 110 120 128 133 143 148 149 149 149 149 149 149 149 149
1 2 4 8 16 32 49 65 77 91 102 114 122 132 140 146 149 149 149 149 149 149 149 149 149
1 2 4 8 16 29 44 63 83 97 108 121 129 137 145 148 149 149 149 149 149 149 149 149 149
1 2 4 8 16 27 40 57 78 87 95 107 117 124 131 139 145 148 149 149 149 149 149 149 149
1 2 4 8 16 29 42 57 71 85 96 105 115 125 133 138 142 147 149 149 149 149 149 149 149
1 2 4 8 16 30 41 56 70 84 96 103 111 121 132 138 141 146 149 149 149 149 149 149 149
1 2 4 8 16 31 50 59 68 85 97 103 111 121 129 135 140 144 148 149 149 149 149 149 149
1 2 4 8 16 29 42 52 65 73 82 93 107 117 127 135 140 145 148 149 149 149 149 149 149
1 2 4 8 16 29 46 56 69 82 93 108 122 132 139 146 149 149 149 149 149 149 149 149 149
1 2 4 8 16 32 53 63 76 89 102 111 121 130 137 142 147 149 149 149 149 149 149 149 149
1 2 4 8 16 30 44 58 71 85 96 102 111 121 129 136 143 147 149 149 149 149 149 149 149
1 2 4 8 16 29 45 57 68 80 93 101 111 120 130 138 145 149 149 149 149 149 149 149 149
1 2 4 8 14 24 38 54 65 73 83 97 107 113 121 129 134 140 146 148 149 149 149 149 149
1 2 4 8 16 28 46 64 73 83 97 109 119 128 136 142 148 149 149 149 149 149 149 149 149
1 2 4 8 16 28 43 57 69 76 85 98 110 118 126 133 141 147 149 149 149 149 149 149 149
1 2 4 8 15 26 41 57 68 75 85 96 108 115 120 127 134 142 149 149 149 149 149 149 149
1 2 4 8 16 28 42 53 64 75 81 91 105 115 121 129 138 148 149 149 149 149 149 149 149
1 2 4 8 16 28 42 52 60 70 77 84 95 108 116 123 131 139 146 149 149 149 149 149 149
1 2 4 8 16 29 45 56 69 76 82 93 107 115 123 130 138 148 149 149 149 149 149 149 149
1 2 4 8 14 22 30 40 54 66 76 84 90 101 116 136 146 148 149 149 149 149 149 149 149
1 2 4 8 16 24 31 39 50 63 76 86 93 107 124 135 143 147 148 149 149 149 149 149 149
1 2 4 8 15 23 31 38 47 59 68 79 93 103 122 140 146 148 149 149 149 149 149 149 149
1 2 4 8 16 23 32 45 58 69 79 85 92 104 120 130 138 145 148 149 149 149 149 149 149
1 2 4 8 16 25 32 43 55 65 77 85 92 103 120 130 139 145 148 149 149 149 149 149 149
1 2 4 7 12 19 27 37 47 57 68 78 86 93 104 121 137 143 147 149 149 149 149 149 149
1 2 4 7 12 20 27 37 50 60 69 79 87 95 107 123 134 143 148 149 149 149 149 149 149
1 2 4 8 16 24 30 37 46 60 70 79 88 98 112 132 145 148 149 149 149 149 149 149 149
1 2 4 8 16 26 35 46 57 69 82 87 95 110 126 139 145 147 148 149 149 149 149 149 149
1 2 4 8 15 25 35 46 58 68 79 86 94 105 122 139 144 148 149 149 149 149 149 149 149
1 2 4 8 15 24 32 39 47 59 70 85 101 118 135 147 148 149 149 149 149 149 149 149 149
1 2 4 8 16 23 30 38 46 57 66 80 97 113 134 147 148 149 149 149 149 149 149 149 149
1 2 4 8 16 24 32 39 47 57 70 84 103 129 144 148 149 149 149 149 149 149 149 149 149
1 2 4 8 14 20 28 35 44 52 64 78 92 111 131 143 148 149 149 149 149 149 149 149 149
1 2 4 8 16 23 30 37 45 56 71 89 116 140 148 149 149 149 149 149 149 149 149 149 149
1 2 4 8 14 21 28 36 45 55 72 97 122 134 145 149 149 149 149 149 149 149 149 149 149
1 2 4 8 16 23 31 37 44 55 71 90 113 132 146 149 149 149 149 149 149 149 149 149 149
1 2 4 8 16 23 30 38 47 58 75 104 130 141 149 149 149 149 149 149 149 149 149 149 149
1 2 4 8 14 19 24 32 40 51 64 85 107 127 140 149 149 149 149 149 149 149 149 149 149
1 2 4 7 13 18 24 29 37 49 61 79 101 126 139 148 149 149 149 149 149 149 149 149 149
1 2 4 8 13 17 22 27 36 47 63 80 101 117 132 145 148 149 149 149 149 149 149 149 149
1 2 4 8 13 19 26 37 48 64 85 106 122 136 147 149 149 149 149 149 149 149 149 149 149
1 2 4 8 13 20 29 40 57 75 92 103 113 125 137 147 149 149 149 149 149 149 149 149 149
1 2 4 8 14 20 25 33 43 55 73 91 107 119 132 145 149 149 149 149 149 149 149 149 149
1 2 4 6 10 16 23 30 37 48 61 75 92 104 115 130 144 149 149 149 149 149 149 149 149
1 2 4 7 12 18 25 32 37 47 60 72 85 99 112 129 145 149 149 149 149 149 149 149 149
1 2 4 7 11 18 24 31 43 54 63 74 86 98 110 127 141 148 149 149 149 149 149 149 149
1 2 4 7 13 19 25 34 43 54 62 72 83 95 106 122 138 149 149 149 149 149 149 149 149
1 2 4 8 16 28 38 50 64 76 89 103 116 132 141 146 148 149 149 149 149 149 149 149 149
1 2 4 8 16 27 42 57 70 82 95 109 126 137 142 145 148 149 149 149 149 149 149 149 149
1 2 4 8 16 26 35 50 63 76 89 104 121 132 140 145 148 149 149 149 149 149 149 149 149
1 2 4 8 15 22 31 46 63 75 89 103 118 133 141 145 149 149 149 149 149 149 149 149 149
1 2 4 8 16 26 38 53 68 81 97 111 125 137 143 146 148 149 149 149 149 149 149 149 149
1 2 4 8 16 31 48 68 83 96 109 121 133 144 149 149 149 149 149 149 149 149 149 149 149
1 2 4 8 16 28 47 68 87 103 112 124 132 140 147 149 149 149 149 149 149 149 149 149 149
1 2 4 8 15 24 37 53 70 83 91 103 113 121 130 137 140 146 149 149 149 149 149 149 149
1 2 4 8 16 26 40 56 72 87 98 107 115 125 134 140 145 148 149 149 149 149 149 149 149
1 2 4 8 15 27 37 53 75 90 99 108 118 128 135 139 142 147 149 149 149 149 149 149 149
1 2 4 8 16 29 44 59 70 86 97 104 114 124 133 138 143 148 149 149 149 149 149 149 149
1 2 4 8 15 26 39 54 71 86 94 106 118 125 132 141 146 149 149 149 149 149 149 149 149
1 2 4 8 13 19 27 36 48 64 79 92 110 124 134 142 149 149 149 149 149 149 149 149 149
1 2 4 8 11 16 24 34 47 62 79 99 114 126 137 147 149 149 149 149 149 149 149 149 149
1 2 4 8 11 17 25 34 49 66 82 96 108 119 130 140 149 149 149 149 149 149 149 149 149
1 2 4 8 13 19 28 38 52 70 86 105 117 129 140 146 149 149 149 149 149 149 149 149 149
1 2 4 8 15 25 39 53 66 78 92 108 121 130 141 148 149 149 149 149 149 149 149 149 149
1 2 4 8 11 16 22 31 43 59 74 88 106 124 134 143 149 149 149 149 149 149 149 149 149
1 2 4 8 13 19 29 44 57 75 96 112 123 137 145 148 149 149 149 149 149 149 149 149 149
1 2 4 8 14 21 30 42 60 79 95 113 124 139 147 149 149 149 149 149 149 149 149 149 149
1 2 4 8 14 18 25 35 49 63 80 93 108 125 136 143 149 149 149 149 149 149 149 149 149
